0,6,0,X
0,7,0,X
0,9,0,X
0,10,0,X
0,11,0,X
0,12,0,X
0,14,0,X
0,15,0,X
0,21,0,X
0,23,0,X
0,24,0,X
0,25,0,X
0,28,0,X
0,33,0,X
0,35,0,X
0,36,0,X
0,37,0,X
0,38,0,X
0,40,0,X
0,41,0,X
0,42,0,X
0,44,0,X
0,45,0,X
0,46,0,X
0,48,0,X
1,1,0,X
1,2,0,X
1,3,0,X
1,4,0,X
1,12,0,X
1,15,0,X
1,16,0,X
1,17,0,X
1,18,0,X
1,19,0,X
1,21,0,X
1,25,0,X
1,26,0,X
1,28,0,X
1,29,0,X
1,30,0,X
1,31,0,X
1,33,0,X
2,4,0,X
2,5,0,X
2,6,0,X
2,7,0,X
2,8,0,X
2,9,0,X
2,10,0,X
2,12,0,X
2,13,0,X
2,19,0,X
2,21,0,X
2,23,0,X
2,26,0,X
2,28,0,X
2,33,0,X
2,35,0,X
2,36,0,X
2,37,0,X
2,38,0,X
2,40,0,X
2,41,0,X
2,42,0,X
2,43,0,X
2,44,0,X
2,46,0,X
2,47,0,X
2,48,0,X
2,49,0,X
3,0,0,X
3,1,0,X
3,2,0,X
3,4,0,X
3,8,0,X
3,10,0,X
3,13,0,X
3,14,0,X
3,15,0,X
3,16,0,X
3,17,0,X
3,19,0,X
3,21,0,X
3,24,0,X
3,26,0,X
3,28,0,X
3,31,0,X
3,32,0,X
3,33,0,X
3,35,0,X
3,37,0,X
3,40,0,X
3,41,0,E
4,4,0,X
4,6,0,X
4,8,0,X
4,10,0,X
4,14,0,X
4,17,0,X
4,19,0,X
4,21,0,X
4,22,0,X
4,24,0,X
4,28,0,X
4,30,0,X
4,31,0,X
4,39,0,X
4,42,0,X
4,43,0,X
4,44,0,X
4,45,0,X
4,46,0,X
4,47,0,X
4,49,0,X
5,0,0,X
5,2,0,X
5,3,0,X
5,4,0,X
5,6,0,X
5,8,0,X
5,12,0,X
5,14,0,X
5,15,0,X
5,16,0,X
5,17,0,X
5,19,0,X
5,22,0,X
5,24,0,X
5,26,0,X
5,33,0,X
5,35,0,X
5,36,0,X
5,37,0,X
5,41,0,X
5,46,0,X
5,47,0,X
5,49,0,X
6,0,0,X
6,6,0,X
6,7,0,X
6,8,0,X
6,9,0,X
6,10,0,X
6,12,0,X
6,16,0,X
6,17,0,X
6,20,0,X
6,22,0,X
6,24,0,X
6,26,0,X
6,27,0,X
6,28,0,X
6,30,0,X
6,31,0,X
6,32,0,X
6,33,0,X
6,35,0,X
6,37,0,X
6,39,0,X
6,41,0,X
6,43,0,X
6,44,0,X
6,49,0,X
7,0,0,X
7,2,0,X
7,3,0,X
7,5,0,X
7,6,0,X
7,10,0,X
7,12,0,X
7,13,0,X
7,14,0,X
7,17,0,X
7,24,0,X
7,33,0,X
7,35,0,X
7,41,0,X
7,44,0,X
7,46,0,X
7,47,0,X
7,48,0,X
7,49,0,X
8,1,0,X
8,3,0,X
8,8,0,X
8,10,0,X
8,14,0,X
8,17,0,X
8,18,0,X
8,20,0,X
8,21,0,X
8,22,0,X
8,24,0,X
8,25,0,X
8,26,0,X
8,28,0,X
8,29,0,X
8,30,0,X
8,31,0,X
8,33,0,X
8,35,0,X
8,37,0,X
8,38,0,X
8,39,0,X
8,40,0,X
8,41,0,X
8,42,0,X
8,43,0,X
8,44,0,X
9,0,0,X
9,3,0,X
9,4,0,X
9,5,0,X
9,6,0,X
9,8,0,X
9,10,0,X
9,11,0,X
9,12,0,X
9,14,0,X
9,22,0,X
9,26,0,X
9,28,0,X
9,29,0,X
9,33,0,X
9,46,0,X
9,47,0,X
9,49,0,X
10,0,0,X
10,4,0,X
10,6,0,X
10,8,0,X
10,10,0,X
10,12,0,X
10,14,0,X
10,16,0,X
10,17,0,X
10,18,0,X
10,19,0,X
10,20,0,X
10,22,0,X
10,23,0,X
10,24,0,X
10,26,0,X
10,28,0,X
10,31,0,X
10,32,0,X
10,33,0,X
10,34,0,X
10,35,0,X
10,36,0,X
10,38,0,X
10,39,0,X
10,40,0,X
10,41,0,X
10,43,0,X
10,45,0,X
10,49,0,X
11,0,0,X
11,1,0,X
11,2,0,X
11,4,0,X
11,6,0,X
11,8,0,X
11,9,0,X
11,10,0,X
11,14,0,X
11,15,0,X
11,16,0,X
11,20,0,X
11,29,0,X
11,36,0,X
11,43,0,X
11,45,0,X
11,46,0,X
11,47,0,X
11,48,0,X
11,49,0,X
12,2,0,X
12,4,0,X
12,6,0,X
12,18,0,X
12,20,0,X
12,21,0,X
12,22,0,X
12,23,0,X
12,24,0,X
12,25,0,X
12,26,0,X
12,27,0,X
12,28,0,X
12,29,0,X
12,30,0,X
12,31,0,X
12,32,0,X
12,33,0,X
12,34,0,X
12,36,0,X
12,38,0,X
12,39,0,X
12,40,0,X
12,41,0,X
12,43,0,X
12,45,0,X
13,0,0,X
13,2,0,X
13,4,0,X
13,6,0,X
13,7,0,X
13,8,0,X
13,10,0,X
13,11,0,X
13,12,0,X
13,13,0,X
13,14,0,X
13,15,0,X
13,16,0,X
13,17,0,X
13,18,0,X
13,27,0,X
13,29,0,X
13,32,0,X
13,33,0,X
13,36,0,X
13,41,0,X
13,43,0,X
13,47,0,X
13,49,0,X
14,0,0,X
14,8,0,X
14,10,0,X
14,11,0,X
14,12,0,X
14,17,0,X
14,21,0,X
14,22,0,X
14,23,0,X
14,24,0,X
14,25,0,X
14,27,0,X
14,29,0,X
14,30,0,X
14,32,0,X
14,35,0,X
14,36,0,X
14,37,0,X
14,38,0,X
14,39,0,X
14,41,0,X
14,43,0,X
14,44,0,X
14,45,0,X
14,47,0,X
14,49,0,X
15,0,0,X
15,2,0,X
15,4,0,X
15,5,0,X
15,6,0,X
15,8,0,X
15,12,0,X
15,13,0,X
15,15,0,X
15,17,0,X
15,18,0,X
15,21,0,X
15,27,0,X
15,32,0,X
15,33,0,X
15,34,0,X
15,41,0,X
15,46,0,X
15,47,0,X
15,49,0,X
16,6,0,X
16,8,0,X
16,10,0,X
16,12,0,X
16,13,0,X
16,15,0,X
16,17,0,X
16,18,0,X
16,19,0,X
16,20,0,X
16,21,0,X
16,23,0,X
16,24,0,X
16,25,0,X
16,26,0,X
16,27,0,X
16,28,0,X
16,29,0,X
16,30,0,X
16,32,0,X
16,36,0,X
16,38,0,X
16,39,0,X
16,41,0,X
16,43,0,X
16,44,0,X
16,49,0,X
17,0,0,X
17,1,0,X
17,2,0,X
17,3,0,X
17,6,0,X
17,10,0,X
17,15,0,X
17,21,0,X
17,29,0,X
17,32,0,X
17,34,0,X
17,35,0,X
17,36,0,X
17,38,0,X
17,41,0,X
17,44,0,X
17,45,0,X
17,46,0,X
17,47,0,X
17,48,0,X
17,49,0,X
18,6,0,X
18,7,0,X
18,8,0,X
18,9,0,X
18,10,0,X
18,12,0,X
18,13,0,X
18,14,0,X
18,15,0,X
18,17,0,X
18,18,0,X
18,19,0,X
18,20,0,X
18,21,0,X
18,22,0,X
18,23,0,X
18,25,0,X
18,26,0,X
18,27,0,X
18,29,0,X
18,31,0,X
18,32,0,X
18,36,0,X
18,38,0,X
18,39,0,X
18,40,0,X
18,41,0,X
18,42,0,X
18,45,0,X
18,49,0,X
19,0,0,X
19,1,0,X
19,3,0,X
19,4,0,X
19,6,0,X
19,10,0,X
19,12,0,X
19,15,0,X
19,23,0,X
19,25,0,X
19,27,0,X
19,29,0,X
19,32,0,X
19,33,0,X
19,34,0,X
19,36,0,X
19,39,0,X
19,42,0,X
19,43,0,X
19,45,0,X
19,47,0,X
20,4,0,X
20,5,0,X
20,8,0,X
20,10,0,X
20,15,0,X
20,17,0,X
20,18,0,X
20,19,0,X
20,20,0,X
20,22,0,X
20,23,0,X
20,25,0,X
20,27,0,X
20,29,0,X
20,30,0,X
20,32,0,X
20,33,0,V
20,36,0,X
20,38,0,X
20,39,0,X
20,40,0,X
20,42,0,X
20,47,0,X
20,49,0,X
21,0,0,X
21,1,0,X
21,2,0,X
21,4,0,X
21,7,0,X
21,10,0,X
21,12,0,X
21,14,0,X
21,20,0,X
21,21,0,X
21,25,0,X
21,27,0,X
21,29,0,X
21,32,0,X
21,33,0,X
21,34,0,X
21,35,0,X
21,36,0,X
21,38,0,X
21,40,0,X
21,42,0,X
21,44,0,X
21,45,0,X
21,46,0,X
21,47,0,X
21,49,0,X
22,0,0,X
22,6,0,X
22,9,0,X
22,10,0,X
22,12,0,X
22,14,0,X
22,15,0,X
22,16,0,X
22,18,0,X
22,20,0,X
22,23,0,X
22,25,0,X
22,27,0,X
22,29,0,X
22,31,0,X
22,32,0,X
22,33,0,X
22,40,0,X
22,42,0,X
22,49,0,X
23,0,0,X
23,1,0,X
23,2,0,X
23,3,0,X
23,4,0,X
23,6,0,X
23,8,0,X
23,10,0,X
23,12,0,X
23,16,0,X
23,18,0,X
23,23,0,X
23,25,0,X
23,27,0,X
23,29,0,X
23,30,0,X
23,31,0,X
23,32,0,X
23,33,0,X
23,34,0,X
23,36,0,X
23,37,0,X
23,38,0,X
23,39,0,X
23,40,0,X
23,42,0,X
23,44,0,X
23,46,0,X
23,47,0,X
23,48,0,X
23,49,0,X
24,0,0,X
24,4,0,X
24,10,0,X
24,12,0,X
24,13,0,X
24,14,0,X
24,18,0,X
24,20,0,X
24,23,0,X
24,25,0,X
24,27,0,X
24,34,0,X
24,40,0,X
24,42,0,X
24,44,0,X
24,49,0,X
25,2,0,X
25,4,0,X
25,5,0,X
25,7,0,X
25,8,0,X
25,15,0,X
25,16,0,X
25,17,0,X
25,18,0,X
25,20,0,X
25,22,0,X
25,23,0,X
25,25,0,X
25,27,0,X
25,28,0,X
25,29,0,X
25,30,0,X
25,31,0,X
25,33,0,X
25,34,0,X
25,35,0,X
25,36,0,X
25,37,0,X
25,38,0,X
25,40,0,X
25,44,0,X
25,45,0,X
25,46,0,X
25,47,0,X
25,49,0,X
26,0,0,X
26,2,0,X
26,5,0,X
26,8,0,X
26,10,0,X
26,11,0,X
26,12,0,X
26,13,0,X
26,20,0,X
26,23,0,X
26,25,0,X
26,29,0,X
26,31,0,X
26,40,0,X
26,41,0,X
26,42,0,X
27,0,0,X
27,2,0,X
27,3,0,X
27,5,0,X
27,7,0,X
27,8,0,X
27,12,0,X
27,13,0,X
27,15,0,X
27,16,0,X
27,17,0,X
27,18,0,X
27,20,0,X
27,21,0,X
27,22,0,X
27,23,0,X
27,25,0,X
27,27,0,X
27,29,0,X
27,31,0,X
27,32,0,X
27,33,0,X
27,34,0,X
27,35,0,X
27,36,0,X
27,37,0,X
27,38,0,X
27,39,0,X
27,41,0,X
27,44,0,X
27,45,0,X
27,46,0,X
27,47,0,X
27,49,0,X
28,0,0,X
28,3,0,X
28,5,0,X
28,10,0,X
28,17,0,X
28,43,0,X
28,49,0,X
29,0,0,X
29,1,0,X
29,2,0,X
29,3,0,X
29,7,0,X
29,8,0,X
29,9,0,X
29,10,0,X
29,12,0,X
29,13,0,X
29,14,0,X
29,16,0,X
29,17,0,X
29,18,0,X
29,20,0,X
29,21,0,X
29,22,0,X
29,24,0,X
29,25,0,X
29,27,0,X
29,28,0,X
29,29,0,X
29,31,0,X
29,32,0,X
29,33,0,X
29,34,0,X
29,36,0,X
29,37,0,X
29,38,0,X
29,40,0,X
29,41,0,X
29,42,0,X
29,43,0,X
29,44,0,X
29,45,0,X
29,46,0,X
29,47,0,X
29,48,0,X
29,49,0,X
0,1,1,X
0,6,1,X
0,7,1,X
0,9,1,X
0,10,1,X
0,11,1,X
0,12,1,X
0,14,1,X
0,15,1,X
0,21,1,X
0,23,1,X
0,24,1,X
0,25,1,X
0,28,1,X
0,33,1,X
0,35,1,X
0,36,1,X
0,37,1,X
0,38,1,X
0,40,1,X
0,41,1,X
0,42,1,X
0,44,1,X
0,45,1,X
0,46,1,X
0,48,1,X
1,1,1,X
1,2,1,X
1,3,1,X
1,4,1,X
1,12,1,X
1,15,1,X
1,16,1,X
1,17,1,X
1,18,1,X
1,19,1,X
1,21,1,X
1,25,1,X
1,26,1,X
1,28,1,X
1,29,1,X
1,30,1,X
1,31,1,X
1,33,1,X
2,1,1,E
2,4,1,X
2,5,1,X
2,6,1,X
2,7,1,X
2,8,1,X
2,9,1,X
2,10,1,X
2,12,1,X
2,13,1,X
2,19,1,X
2,21,1,X
2,23,1,X
2,26,1,X
2,28,1,X
2,33,1,X
2,35,1,X
2,36,1,X
2,37,1,X
2,38,1,X
2,40,1,X
2,41,1,X
2,42,1,X
2,43,1,X
2,44,1,X
2,46,1,X
2,47,1,X
2,48,1,X
2,49,1,X
3,0,1,X
3,1,1,X
3,2,1,X
3,4,1,X
3,8,1,X
3,10,1,X
3,13,1,X
3,14,1,X
3,15,1,X
3,16,1,X
3,17,1,X
3,19,1,X
3,21,1,X
3,24,1,X
3,26,1,X
3,28,1,X
3,31,1,X
3,32,1,X
3,33,1,X
3,35,1,X
3,37,1,X
3,40,1,X
3,49,1,X
4,4,1,X
4,6,1,X
4,8,1,X
4,10,1,X
4,11,1,X
4,17,1,X
4,19,1,X
4,21,1,X
4,22,1,X
4,24,1,X
4,28,1,X
4,30,1,X
4,31,1,X
4,39,1,X
4,41,1,X
4,42,1,X
4,43,1,X
4,44,1,X
4,45,1,X
4,46,1,X
4,47,1,X
4,49,1,X
5,0,1,X
5,2,1,X
5,3,1,X
5,4,1,X
5,6,1,X
5,8,1,X
5,12,1,X
5,14,1,X
5,15,1,X
5,16,1,X
5,17,1,X
5,19,1,X
5,22,1,X
5,24,1,X
5,26,1,X
5,33,1,X
5,35,1,X
5,36,1,X
5,37,1,X
5,41,1,X
5,46,1,X
5,47,1,X
5,49,1,X
6,0,1,X
6,6,1,X
6,7,1,X
6,8,1,X
6,9,1,X
6,10,1,X
6,12,1,X
6,16,1,X
6,17,1,X
6,20,1,X
6,22,1,X
6,24,1,X
6,26,1,X
6,27,1,X
6,28,1,X
6,30,1,X
6,31,1,X
6,32,1,X
6,33,1,X
6,35,1,X
6,37,1,X
6,38,1,X
6,39,1,X
6,40,1,X
6,41,1,X
6,43,1,X
6,44,1,X
6,49,1,X
7,0,1,X
7,2,1,X
7,3,1,X
7,5,1,X
7,6,1,X
7,10,1,X
7,12,1,X
7,13,1,X
7,14,1,X
7,17,1,X
7,24,1,X
7,33,1,X
7,35,1,X
7,44,1,X
7,45,1,X
7,46,1,X
7,47,1,X
7,48,1,X
7,49,1,X
8,1,1,X
8,3,1,X
8,8,1,X
8,10,1,X
8,14,1,X
8,17,1,X
8,18,1,X
8,20,1,X
8,21,1,X
8,22,1,X
8,24,1,X
8,25,1,X
8,26,1,X
8,28,1,X
8,29,1,X
8,30,1,X
8,31,1,X
8,33,1,X
8,35,1,X
8,37,1,X
8,38,1,X
8,39,1,X
8,40,1,X
8,41,1,X
8,42,1,X
8,43,1,X
8,44,1,X
9,0,1,X
9,3,1,X
9,4,1,X
9,5,1,X
9,6,1,X
9,8,1,X
9,10,1,X
9,11,1,X
9,12,1,X
9,14,1,X
9,22,1,X
9,26,1,X
9,28,1,X
9,29,1,X
9,33,1,X
9,46,1,X
9,47,1,X
9,49,1,X
10,0,1,X
10,4,1,X
10,6,1,X
10,8,1,X
10,10,1,X
10,12,1,X
10,14,1,X
10,16,1,X
10,17,1,X
10,18,1,X
10,19,1,X
10,20,1,X
10,22,1,X
10,23,1,X
10,24,1,X
10,26,1,X
10,28,1,X
10,31,1,X
10,32,1,X
10,33,1,X
10,34,1,X
10,35,1,X
10,36,1,X
10,37,1,X
10,38,1,X
10,39,1,X
10,40,1,X
10,41,1,X
10,43,1,X
10,45,1,X
10,49,1,X
11,0,1,X
11,1,1,X
11,2,1,X
11,4,1,X
11,6,1,X
11,8,1,X
11,9,1,X
11,10,1,X
11,14,1,X
11,15,1,X
11,16,1,X
11,20,1,X
11,26,1,X
11,29,1,X
11,36,1,X
11,43,1,X
11,45,1,X
11,46,1,X
11,47,1,X
11,48,1,X
11,49,1,X
12,2,1,X
12,4,1,X
12,6,1,X
12,18,1,X
12,20,1,X
12,21,1,X
12,22,1,X
12,23,1,X
12,24,1,X
12,25,1,X
12,26,1,X
12,27,1,X
12,29,1,X
12,30,1,X
12,31,1,X
12,32,1,X
12,33,1,X
12,34,1,X
12,36,1,X
12,38,1,X
12,39,1,X
12,40,1,X
12,41,1,X
12,42,1,X
12,43,1,X
12,45,1,X
13,0,1,X
13,2,1,X
13,4,1,X
13,6,1,X
13,7,1,X
13,8,1,X
13,9,1,X
13,10,1,X
13,11,1,X
13,12,1,X
13,13,1,X
13,14,1,X
13,15,1,X
13,16,1,X
13,17,1,X
13,18,1,X
13,27,1,X
13,29,1,X
13,32,1,X
13,33,1,X
13,36,1,X
13,41,1,X
13,43,1,X
13,47,1,X
13,49,1,X
14,0,1,X
14,8,1,X
14,10,1,X
14,11,1,X
14,12,1,X
14,17,1,X
14,21,1,X
14,22,1,X
14,23,1,X
14,24,1,X
14,25,1,X
14,27,1,X
14,29,1,X
14,30,1,X
14,32,1,X
14,35,1,X
14,36,1,X
14,37,1,X
14,38,1,X
14,39,1,X
14,41,1,X
14,43,1,X
14,44,1,X
14,45,1,X
14,47,1,X
14,49,1,X
15,0,1,X
15,2,1,X
15,4,1,X
15,5,1,X
15,6,1,X
15,8,1,X
15,12,1,X
15,13,1,X
15,15,1,X
15,17,1,X
15,18,1,X
15,21,1,X
15,27,1,X
15,32,1,X
15,33,1,X
15,34,1,X
15,41,1,X
15,46,1,X
15,47,1,X
15,49,1,X
16,6,1,X
16,8,1,X
16,10,1,X
16,12,1,X
16,13,1,X
16,15,1,X
16,17,1,X
16,18,1,X
16,19,1,X
16,20,1,X
16,21,1,X
16,23,1,X
16,24,1,X
16,25,1,X
16,26,1,X
16,27,1,X
16,28,1,X
16,29,1,X
16,30,1,X
16,32,1,X
16,36,1,X
16,38,1,X
16,39,1,X
16,41,1,X
16,43,1,X
16,44,1,X
16,49,1,X
17,0,1,X
17,1,1,X
17,2,1,X
17,3,1,X
17,6,1,X
17,10,1,X
17,15,1,X
17,21,1,X
17,29,1,X
17,32,1,X
17,34,1,X
17,35,1,X
17,36,1,X
17,38,1,X
17,41,1,X
17,44,1,X
17,45,1,X
17,46,1,X
17,47,1,X
17,48,1,X
17,49,1,X
18,6,1,X
18,7,1,X
18,8,1,X
18,9,1,X
18,10,1,X
18,12,1,X
18,13,1,X
18,14,1,X
18,15,1,X
18,17,1,X
18,18,1,X
18,19,1,X
18,20,1,X
18,21,1,X
18,22,1,X
18,23,1,X
18,25,1,X
18,26,1,X
18,27,1,X
18,29,1,X
18,31,1,X
18,32,1,X
18,36,1,X
18,38,1,X
18,39,1,X
18,40,1,X
18,41,1,X
18,42,1,X
18,45,1,X
18,49,1,X
19,0,1,X
19,1,1,X
19,3,1,X
19,4,1,X
19,6,1,X
19,10,1,X
19,12,1,X
19,15,1,X
19,23,1,X
19,25,1,X
19,27,1,X
19,29,1,X
19,32,1,X
19,33,1,X
19,34,1,X
19,36,1,X
19,39,1,X
19,42,1,X
19,43,1,X
19,45,1,X
19,47,1,X
20,4,1,X
20,5,1,X
20,8,1,X
20,10,1,X
20,15,1,X
20,17,1,X
20,18,1,X
20,19,1,X
20,20,1,X
20,22,1,X
20,23,1,X
20,25,1,X
20,27,1,X
20,29,1,X
20,30,1,X
20,32,1,X
20,33,1,V
20,36,1,X
20,38,1,X
20,39,1,X
20,40,1,X
20,42,1,X
20,47,1,X
20,49,1,X
21,0,1,X
21,1,1,X
21,2,1,X
21,4,1,X
21,7,1,X
21,10,1,X
21,12,1,X
21,14,1,X
21,20,1,X
21,21,1,X
21,25,1,X
21,27,1,X
21,29,1,X
21,32,1,X
21,33,1,X
21,34,1,X
21,35,1,X
21,36,1,X
21,38,1,X
21,40,1,X
21,42,1,X
21,44,1,X
21,45,1,X
21,46,1,X
21,47,1,X
21,49,1,X
22,0,1,X
22,6,1,X
22,9,1,X
22,10,1,X
22,12,1,X
22,14,1,X
22,15,1,X
22,16,1,X
22,18,1,X
22,20,1,X
22,23,1,X
22,25,1,X
22,27,1,X
22,29,1,X
22,31,1,X
22,32,1,X
22,33,1,X
22,40,1,X
22,42,1,X
22,49,1,X
23,0,1,X
23,1,1,X
23,2,1,X
23,3,1,X
23,4,1,X
23,6,1,X
23,8,1,X
23,10,1,X
23,12,1,X
23,16,1,X
23,18,1,X
23,23,1,X
23,25,1,X
23,27,1,X
23,29,1,X
23,30,1,X
23,31,1,X
23,32,1,X
23,33,1,X
23,34,1,X
23,36,1,X
23,37,1,X
23,38,1,X
23,39,1,X
23,40,1,X
23,42,1,X
23,44,1,X
23,46,1,X
23,47,1,X
23,48,1,X
23,49,1,X
24,0,1,X
24,4,1,X
24,10,1,X
24,12,1,X
24,13,1,X
24,14,1,X
24,17,1,O
24,18,1,X
24,20,1,X
24,23,1,X
24,25,1,X
24,27,1,X
24,40,1,X
24,42,1,X
24,44,1,X
24,49,1,X
25,2,1,X
25,4,1,X
25,5,1,X
25,7,1,X
25,8,1,X
25,15,1,X
25,16,1,X
25,17,1,X
25,18,1,X
25,20,1,X
25,22,1,X
25,23,1,X
25,25,1,X
25,27,1,X
25,28,1,X
25,29,1,X
25,30,1,X
25,31,1,X
25,32,1,X
25,33,1,X
25,34,1,X
25,35,1,X
25,36,1,X
25,37,1,X
25,38,1,X
25,40,1,X
25,44,1,X
25,45,1,X
25,46,1,X
25,47,1,X
25,49,1,X
26,0,1,X
26,2,1,X
26,5,1,X
26,8,1,X
26,10,1,X
26,11,1,X
26,12,1,X
26,13,1,X
26,20,1,X
26,23,1,X
26,25,1,X
26,29,1,X
26,31,1,X
26,40,1,X
26,41,1,X
26,42,1,X
27,0,1,X
27,2,1,X
27,3,1,X
27,5,1,X
27,7,1,X
27,8,1,X
27,12,1,X
27,13,1,X
27,15,1,X
27,16,1,X
27,17,1,X
27,18,1,X
27,20,1,X
27,21,1,X
27,22,1,X
27,23,1,X
27,25,1,X
27,27,1,X
27,29,1,X
27,31,1,X
27,32,1,X
27,33,1,X
27,34,1,X
27,35,1,X
27,36,1,X
27,37,1,X
27,38,1,X
27,39,1,X
27,41,1,X
27,44,1,X
27,45,1,X
27,46,1,X
27,47,1,X
27,49,1,X
28,0,1,X
28,3,1,X
28,5,1,X
28,10,1,X
28,17,1,X
28,43,1,X
28,49,1,X
29,0,1,X
29,1,1,X
29,2,1,X
29,3,1,X
29,7,1,X
29,8,1,X
29,9,1,X
29,10,1,X
29,12,1,X
29,13,1,X
29,14,1,X
29,16,1,X
29,17,1,X
29,18,1,X
29,20,1,X
29,21,1,X
29,22,1,X
29,24,1,X
29,25,1,X
29,27,1,X
29,28,1,X
29,29,1,X
29,31,1,X
29,32,1,X
29,33,1,X
29,34,1,X
29,36,1,X
29,37,1,X
29,38,1,X
29,40,1,X
29,41,1,X
29,42,1,X
29,43,1,X
29,44,1,X
29,45,1,X
29,46,1,X
29,47,1,X
29,48,1,X
29,49,1,X
0,6,2,X
0,7,2,X
0,9,2,X
0,10,2,X
0,11,2,X
0,12,2,X
0,14,2,X
0,15,2,X
0,21,2,X
0,23,2,X
0,24,2,X
0,25,2,X
0,28,2,X
0,33,2,X
0,35,2,X
0,36,2,X
0,37,2,X
0,38,2,X
0,40,2,X
0,41,2,X
0,42,2,X
0,44,2,X
0,45,2,X
0,46,2,X
0,48,2,X
1,1,2,X
1,2,2,X
1,3,2,X
1,4,2,X
1,12,2,X
1,15,2,X
1,16,2,X
1,17,2,X
1,18,2,X
1,19,2,X
1,21,2,X
1,25,2,X
1,26,2,X
1,28,2,X
1,29,2,X
1,30,2,X
1,31,2,X
1,33,2,X
2,4,2,X
2,5,2,X
2,6,2,X
2,7,2,X
2,8,2,X
2,9,2,X
2,10,2,X
2,12,2,X
2,13,2,X
2,19,2,X
2,21,2,X
2,23,2,X
2,26,2,X
2,28,2,X
2,33,2,X
2,35,2,X
2,36,2,X
2,37,2,X
2,38,2,X
2,40,2,X
2,41,2,X
2,42,2,X
2,43,2,X
2,44,2,X
2,46,2,X
2,47,2,X
2,48,2,X
2,49,2,X
3,0,2,X
3,1,2,X
3,2,2,X
3,4,2,X
3,10,2,X
3,13,2,X
3,14,2,X
3,15,2,X
3,16,2,X
3,17,2,X
3,19,2,X
3,21,2,X
3,24,2,X
3,26,2,X
3,28,2,X
3,31,2,X
3,32,2,X
3,33,2,X
3,35,2,X
3,37,2,X
3,40,2,X
4,4,2,X
4,6,2,X
4,8,2,X
4,10,2,X
4,11,2,X
4,17,2,X
4,19,2,X
4,21,2,X
4,22,2,X
4,24,2,X
4,28,2,X
4,30,2,X
4,31,2,X
4,39,2,X
4,42,2,X
4,43,2,X
4,44,2,X
4,45,2,X
4,46,2,X
4,47,2,X
4,49,2,X
5,0,2,X
5,2,2,X
5,3,2,X
5,4,2,X
5,6,2,X
5,8,2,X
5,12,2,X
5,14,2,X
5,15,2,X
5,16,2,X
5,17,2,X
5,19,2,X
5,22,2,X
5,24,2,X
5,26,2,X
5,33,2,X
5,35,2,X
5,36,2,X
5,37,2,X
5,41,2,X
5,46,2,X
5,47,2,X
5,49,2,X
6,0,2,X
6,6,2,X
6,7,2,X
6,8,2,X
6,9,2,X
6,10,2,X
6,12,2,X
6,16,2,X
6,17,2,X
6,20,2,X
6,22,2,X
6,24,2,X
6,26,2,X
6,27,2,X
6,28,2,X
6,30,2,X
6,31,2,X
6,32,2,X
6,33,2,X
6,35,2,X
6,37,2,X
6,39,2,X
6,41,2,X
6,43,2,X
6,44,2,X
6,49,2,X
7,0,2,X
7,2,2,X
7,3,2,X
7,5,2,X
7,6,2,X
7,10,2,X
7,12,2,X
7,13,2,X
7,14,2,X
7,17,2,X
7,24,2,X
7,33,2,X
7,35,2,X
7,41,2,X
7,44,2,X
7,46,2,X
7,47,2,X
7,48,2,X
7,49,2,X
8,1,2,X
8,3,2,X
8,8,2,X
8,10,2,X
8,14,2,X
8,17,2,X
8,18,2,X
8,20,2,X
8,21,2,X
8,22,2,X
8,24,2,X
8,25,2,X
8,26,2,X
8,28,2,X
8,29,2,X
8,30,2,X
8,31,2,X
8,33,2,X
8,35,2,X
8,37,2,X
8,38,2,X
8,39,2,X
8,40,2,X
8,41,2,X
8,42,2,X
8,43,2,X
8,44,2,X
9,0,2,X
9,3,2,X
9,4,2,X
9,5,2,X
9,6,2,X
9,8,2,X
9,10,2,X
9,11,2,X
9,12,2,X
9,14,2,X
9,22,2,X
9,26,2,X
9,28,2,X
9,29,2,X
9,33,2,X
9,46,2,X
9,47,2,X
9,49,2,X
10,0,2,X
10,4,2,X
10,6,2,X
10,8,2,X
10,10,2,X
10,12,2,X
10,14,2,X
10,16,2,X
10,17,2,X
10,18,2,X
10,19,2,X
10,20,2,X
10,22,2,X
10,23,2,X
10,24,2,X
10,26,2,X
10,28,2,X
10,31,2,X
10,32,2,X
10,33,2,X
10,34,2,X
10,35,2,X
10,36,2,X
10,38,2,X
10,39,2,X
10,40,2,X
10,41,2,X
10,43,2,X
10,45,2,X
10,49,2,X
11,0,2,X
11,1,2,X
11,2,2,X
11,4,2,X
11,6,2,X
11,8,2,X
11,9,2,X
11,10,2,X
11,14,2,X
11,15,2,X
11,16,2,X
11,20,2,X
11,26,2,X
11,29,2,X
11,36,2,X
11,43,2,X
11,45,2,X
11,46,2,X
11,47,2,X
11,48,2,X
11,49,2,X
12,2,2,X
12,4,2,X
12,6,2,X
12,10,2,X
12,18,2,X
12,20,2,X
12,21,2,X
12,22,2,X
12,23,2,X
12,24,2,X
12,25,2,X
12,26,2,X
12,27,2,X
12,29,2,X
12,30,2,X
12,31,2,X
12,32,2,X
12,33,2,X
12,34,2,X
12,36,2,X
12,38,2,X
12,39,2,X
12,40,2,X
12,41,2,X
12,43,2,X
12,45,2,X
13,0,2,X
13,2,2,X
13,4,2,X
13,6,2,X
13,7,2,X
13,8,2,X
13,10,2,X
13,11,2,X
13,12,2,X
13,13,2,X
13,14,2,X
13,15,2,X
13,16,2,X
13,17,2,X
13,18,2,X
13,27,2,X
13,29,2,X
13,32,2,X
13,33,2,X
13,36,2,X
13,41,2,X
13,43,2,X
13,47,2,X
13,49,2,X
14,0,2,X
14,8,2,X
14,10,2,X
14,11,2,X
14,12,2,X
14,17,2,X
14,18,2,O
14,21,2,X
14,22,2,X
14,23,2,X
14,24,2,X
14,25,2,X
14,27,2,X
14,29,2,X
14,30,2,X
14,32,2,X
14,35,2,X
14,36,2,X
14,37,2,X
14,38,2,X
14,39,2,X
14,41,2,X
14,43,2,X
14,44,2,X
14,45,2,X
14,47,2,X
14,49,2,X
15,0,2,X
15,2,2,X
15,4,2,X
15,5,2,X
15,6,2,X
15,8,2,X
15,12,2,X
15,13,2,X
15,15,2,X
15,17,2,X
15,18,2,X
15,21,2,X
15,27,2,X
15,32,2,X
15,33,2,X
15,34,2,X
15,41,2,X
15,46,2,X
15,47,2,X
15,49,2,X
16,6,2,X
16,8,2,X
16,10,2,X
16,12,2,X
16,13,2,X
16,15,2,X
16,17,2,X
16,18,2,X
16,19,2,X
16,20,2,X
16,21,2,X
16,23,2,X
16,24,2,X
16,25,2,X
16,26,2,X
16,27,2,X
16,28,2,X
16,29,2,X
16,30,2,X
16,32,2,X
16,36,2,X
16,38,2,X
16,39,2,X
16,41,2,X
16,43,2,X
16,44,2,X
16,49,2,X
17,0,2,X
17,1,2,X
17,2,2,X
17,3,2,X
17,6,2,X
17,10,2,X
17,15,2,X
17,21,2,X
17,29,2,X
17,32,2,X
17,34,2,X
17,35,2,X
17,36,2,X
17,38,2,X
17,41,2,X
17,44,2,X
17,45,2,X
17,46,2,X
17,47,2,X
17,48,2,X
17,49,2,X
18,6,2,X
18,7,2,X
18,8,2,X
18,9,2,X
18,10,2,X
18,12,2,X
18,13,2,X
18,14,2,X
18,15,2,X
18,17,2,X
18,18,2,X
18,19,2,X
18,20,2,X
18,21,2,X
18,22,2,X
18,23,2,X
18,25,2,X
18,26,2,X
18,27,2,X
18,29,2,X
18,31,2,X
18,32,2,X
18,36,2,X
18,38,2,X
18,39,2,X
18,40,2,X
18,41,2,X
18,42,2,X
18,45,2,X
18,49,2,X
19,0,2,X
19,1,2,X
19,3,2,X
19,4,2,X
19,6,2,X
19,10,2,X
19,12,2,X
19,15,2,X
19,23,2,X
19,25,2,X
19,27,2,X
19,29,2,X
19,32,2,X
19,33,2,X
19,34,2,X
19,36,2,X
19,39,2,X
19,42,2,X
19,43,2,X
19,45,2,X
19,47,2,X
20,4,2,X
20,5,2,X
20,8,2,X
20,10,2,X
20,15,2,X
20,17,2,X
20,18,2,X
20,19,2,X
20,20,2,X
20,22,2,X
20,23,2,X
20,25,2,X
20,27,2,X
20,29,2,X
20,30,2,X
20,32,2,X
20,33,2,V
20,36,2,X
20,38,2,X
20,39,2,X
20,40,2,X
20,42,2,X
20,47,2,X
20,49,2,X
21,0,2,X
21,1,2,X
21,2,2,X
21,4,2,X
21,7,2,X
21,10,2,X
21,12,2,X
21,14,2,X
21,20,2,X
21,21,2,X
21,25,2,X
21,27,2,X
21,29,2,X
21,32,2,X
21,33,2,X
21,34,2,X
21,35,2,X
21,36,2,X
21,38,2,X
21,40,2,X
21,42,2,X
21,44,2,X
21,45,2,X
21,46,2,X
21,47,2,X
21,49,2,X
22,0,2,X
22,6,2,X
22,9,2,X
22,10,2,X
22,12,2,X
22,14,2,X
22,15,2,X
22,16,2,X
22,18,2,X
22,20,2,X
22,23,2,X
22,25,2,X
22,27,2,X
22,29,2,X
22,31,2,X
22,32,2,X
22,33,2,X
22,40,2,X
22,42,2,X
22,49,2,X
23,0,2,X
23,1,2,X
23,2,2,X
23,3,2,X
23,4,2,X
23,6,2,X
23,8,2,X
23,10,2,X
23,12,2,X
23,16,2,X
23,18,2,X
23,23,2,X
23,25,2,X
23,27,2,X
23,29,2,X
23,30,2,X
23,31,2,X
23,32,2,X
23,33,2,X
23,34,2,X
23,36,2,X
23,37,2,X
23,38,2,X
23,39,2,X
23,40,2,X
23,42,2,X
23,44,2,X
23,46,2,X
23,47,2,X
23,48,2,X
23,49,2,X
24,0,2,X
24,4,2,X
24,10,2,X
24,12,2,X
24,13,2,X
24,14,2,X
24,18,2,X
24,20,2,X
24,23,2,X
24,25,2,X
24,27,2,X
24,34,2,X
24,40,2,X
24,42,2,X
24,44,2,X
24,49,2,X
25,2,2,X
25,4,2,X
25,5,2,X
25,7,2,X
25,8,2,X
25,15,2,X
25,16,2,X
25,17,2,X
25,18,2,X
25,20,2,X
25,22,2,X
25,23,2,X
25,25,2,X
25,27,2,X
25,28,2,X
25,29,2,X
25,30,2,X
25,31,2,X
25,33,2,X
25,34,2,X
25,35,2,X
25,36,2,X
25,37,2,X
25,38,2,X
25,40,2,X
25,44,2,X
25,45,2,X
25,46,2,X
25,47,2,X
25,49,2,X
26,0,2,X
26,2,2,X
26,5,2,X
26,8,2,X
26,10,2,X
26,11,2,X
26,12,2,X
26,13,2,X
26,20,2,X
26,23,2,X
26,25,2,X
26,29,2,X
26,31,2,X
26,32,2,E
26,40,2,X
26,41,2,X
26,42,2,X
27,0,2,X
27,2,2,X
27,3,2,X
27,5,2,X
27,7,2,X
27,8,2,X
27,12,2,X
27,13,2,X
27,15,2,X
27,16,2,X
27,17,2,X
27,18,2,X
27,20,2,X
27,21,2,X
27,22,2,X
27,23,2,X
27,25,2,X
27,27,2,X
27,29,2,X
27,31,2,X
27,32,2,X
27,33,2,X
27,34,2,X
27,35,2,X
27,36,2,X
27,37,2,X
27,38,2,X
27,39,2,X
27,41,2,X
27,44,2,X
27,45,2,X
27,46,2,X
27,47,2,X
27,49,2,X
28,0,2,X
28,3,2,X
28,5,2,X
28,10,2,X
28,17,2,X
28,43,2,X
28,49,2,X
29,0,2,X
29,1,2,X
29,2,2,X
29,3,2,X
29,7,2,X
29,8,2,X
29,9,2,X
29,10,2,X
29,12,2,X
29,13,2,X
29,14,2,X
29,16,2,X
29,17,2,X
29,18,2,X
29,20,2,X
29,21,2,X
29,22,2,X
29,24,2,X
29,25,2,X
29,27,2,X
29,28,2,X
29,29,2,X
29,31,2,X
29,32,2,X
29,33,2,X
29,34,2,X
29,36,2,X
29,37,2,X
29,38,2,X
29,40,2,X
29,41,2,X
29,42,2,X
29,43,2,X
29,44,2,X
29,45,2,X
29,46,2,X
29,47,2,X
29,48,2,X
29,49,2,X
0,6,3,X
0,7,3,X
0,9,3,X
0,10,3,X
0,11,3,X
0,12,3,X
0,14,3,X
0,15,3,X
0,21,3,X
0,23,3,X
0,24,3,X
0,25,3,X
0,28,3,X
0,33,3,X
0,35,3,X
0,36,3,X
0,37,3,X
0,38,3,X
0,40,3,X
0,41,3,X
0,42,3,X
0,44,3,X
0,45,3,X
0,46,3,X
0,48,3,X
1,1,3,X
1,2,3,X
1,3,3,X
1,4,3,X
1,12,3,X
1,15,3,X
1,16,3,X
1,17,3,X
1,18,3,X
1,19,3,X
1,21,3,X
1,25,3,X
1,26,3,X
1,28,3,X
1,29,3,X
1,30,3,X
1,31,3,X
1,33,3,X
2,4,3,X
2,5,3,X
2,6,3,X
2,7,3,X
2,8,3,X
2,9,3,X
2,10,3,X
2,12,3,X
2,13,3,X
2,19,3,X
2,21,3,X
2,23,3,X
2,26,3,X
2,28,3,X
2,33,3,X
2,35,3,X
2,36,3,X
2,37,3,X
2,38,3,X
2,40,3,X
2,41,3,X
2,42,3,X
2,43,3,X
2,44,3,X
2,46,3,X
2,47,3,X
2,48,3,X
2,49,3,X
3,0,3,X
3,1,3,X
3,2,3,X
3,4,3,X
3,8,3,X
3,10,3,X
3,13,3,X
3,14,3,X
3,15,3,X
3,16,3,X
3,17,3,X
3,19,3,X
3,21,3,X
3,24,3,X
3,26,3,X
3,28,3,X
3,31,3,X
3,32,3,X
3,33,3,X
3,35,3,X
3,37,3,X
3,40,3,X
4,4,3,X
4,6,3,X
4,8,3,X
4,10,3,X
4,11,3,X
4,17,3,X
4,19,3,X
4,21,3,X
4,22,3,X
4,24,3,X
4,28,3,X
4,30,3,X
4,31,3,X
4,39,3,X
4,42,3,X
4,43,3,X
4,44,3,X
4,45,3,X
4,46,3,X
4,47,3,X
4,49,3,X
5,0,3,X
5,2,3,X
5,3,3,X
5,4,3,X
5,6,3,X
5,8,3,X
5,12,3,X
5,14,3,X
5,15,3,X
5,16,3,X
5,17,3,X
5,19,3,X
5,22,3,X
5,24,3,X
5,26,3,X
5,33,3,X
5,35,3,X
5,36,3,X
5,37,3,X
5,41,3,X
5,46,3,X
5,47,3,X
5,49,3,X
6,0,3,X
6,6,3,X
6,7,3,X
6,8,3,X
6,9,3,X
6,10,3,X
6,12,3,X
6,16,3,X
6,17,3,X
6,20,3,X
6,22,3,X
6,24,3,X
6,26,3,X
6,27,3,X
6,28,3,X
6,30,3,X
6,31,3,X
6,32,3,X
6,33,3,X
6,35,3,X
6,37,3,X
6,39,3,X
6,41,3,X
6,43,3,X
6,44,3,X
6,49,3,X
7,0,3,X
7,2,3,X
7,3,3,X
7,5,3,X
7,6,3,X
7,10,3,X
7,12,3,X
7,13,3,X
7,14,3,X
7,17,3,X
7,24,3,X
7,33,3,X
7,35,3,X
7,41,3,X
7,44,3,X
7,46,3,X
7,47,3,X
7,48,3,X
7,49,3,X
8,1,3,X
8,3,3,X
8,8,3,X
8,10,3,X
8,14,3,X
8,17,3,X
8,18,3,X
8,20,3,X
8,21,3,X
8,22,3,X
8,24,3,X
8,25,3,X
8,26,3,X
8,28,3,X
8,29,3,X
8,30,3,X
8,31,3,X
8,33,3,X
8,35,3,X
8,37,3,X
8,38,3,X
8,39,3,X
8,40,3,X
8,41,3,X
8,42,3,X
8,43,3,X
8,44,3,X
9,0,3,X
9,3,3,X
9,4,3,X
9,5,3,X
9,6,3,X
9,8,3,X
9,10,3,X
9,11,3,X
9,12,3,X
9,14,3,X
9,22,3,X
9,26,3,X
9,28,3,X
9,29,3,X
9,33,3,X
9,46,3,X
9,47,3,X
9,49,3,X
10,0,3,X
10,4,3,X
10,6,3,X
10,8,3,X
10,14,3,X
10,16,3,X
10,17,3,X
10,18,3,X
10,19,3,X
10,20,3,X
10,22,3,X
10,23,3,X
10,24,3,X
10,26,3,X
10,28,3,X
10,31,3,X
10,32,3,X
10,33,3,X
10,34,3,X
10,35,3,X
10,36,3,X
10,38,3,X
10,39,3,X
10,40,3,X
10,41,3,X
10,43,3,X
10,45,3,X
10,49,3,X
11,0,3,X
11,1,3,X
11,2,3,X
11,4,3,X
11,6,3,X
11,8,3,X
11,9,3,X
11,10,3,X
11,11,3,X
11,12,3,X
11,13,3,X
11,14,3,X
11,15,3,X
11,16,3,X
11,20,3,X
11,26,3,X
11,29,3,X
11,36,3,X
11,43,3,X
11,45,3,X
11,46,3,X
11,47,3,X
11,48,3,X
11,49,3,X
12,2,3,X
12,4,3,X
12,6,3,X
12,18,3,X
12,20,3,X
12,21,3,X
12,22,3,X
12,23,3,X
12,24,3,X
12,25,3,X
12,26,3,X
12,27,3,X
12,29,3,X
12,30,3,X
12,31,3,X
12,32,3,X
12,33,3,X
12,34,3,X
12,36,3,X
12,38,3,X
12,39,3,X
12,40,3,X
12,41,3,X
12,43,3,X
12,45,3,X
13,0,3,X
13,2,3,X
13,4,3,X
13,6,3,X
13,7,3,X
13,8,3,X
13,10,3,X
13,11,3,X
13,12,3,X
13,13,3,X
13,14,3,X
13,15,3,X
13,16,3,X
13,17,3,X
13,18,3,X
13,27,3,X
13,29,3,X
13,32,3,X
13,33,3,X
13,36,3,X
13,41,3,X
13,43,3,X
13,47,3,X
13,49,3,X
14,0,3,X
14,4,3,X
14,8,3,X
14,10,3,X
14,11,3,X
14,12,3,X
14,17,3,X
14,21,3,X
14,22,3,X
14,23,3,X
14,24,3,X
14,25,3,X
14,27,3,X
14,29,3,X
14,30,3,X
14,32,3,X
14,35,3,X
14,36,3,X
14,37,3,X
14,38,3,X
14,39,3,X
14,41,3,X
14,43,3,X
14,44,3,X
14,45,3,X
14,47,3,X
14,49,3,X
15,0,3,X
15,2,3,X
15,4,3,X
15,6,3,X
15,8,3,X
15,12,3,X
15,13,3,X
15,15,3,X
15,17,3,X
15,18,3,X
15,21,3,X
15,27,3,X
15,32,3,X
15,33,3,X
15,34,3,X
15,41,3,X
15,46,3,X
15,47,3,X
15,49,3,X
16,4,3,X
16,6,3,X
16,8,3,X
16,10,3,X
16,12,3,X
16,13,3,X
16,15,3,X
16,17,3,X
16,18,3,X
16,19,3,X
16,20,3,X
16,21,3,X
16,23,3,X
16,24,3,X
16,25,3,X
16,26,3,X
16,27,3,X
16,28,3,X
16,29,3,X
16,30,3,X
16,32,3,X
16,36,3,X
16,38,3,X
16,39,3,X
16,41,3,X
16,43,3,X
16,44,3,X
16,49,3,X
17,0,3,X
17,1,3,X
17,2,3,X
17,3,3,X
17,4,3,X
17,6,3,X
17,10,3,X
17,15,3,X
17,21,3,X
17,29,3,X
17,32,3,X
17,34,3,X
17,35,3,X
17,36,3,X
17,38,3,X
17,41,3,X
17,44,3,X
17,45,3,X
17,46,3,X
17,47,3,X
17,48,3,X
17,49,3,X
18,6,3,X
18,7,3,X
18,8,3,X
18,9,3,X
18,10,3,X
18,12,3,X
18,13,3,X
18,14,3,X
18,15,3,X
18,17,3,X
18,18,3,X
18,19,3,X
18,20,3,X
18,21,3,X
18,22,3,X
18,23,3,X
18,25,3,X
18,26,3,X
18,27,3,X
18,29,3,X
18,31,3,X
18,32,3,X
18,36,3,X
18,38,3,X
18,39,3,X
18,40,3,X
18,41,3,X
18,42,3,X
18,45,3,X
18,49,3,X
19,0,3,X
19,1,3,X
19,3,3,X
19,4,3,X
19,6,3,X
19,10,3,X
19,12,3,X
19,15,3,X
19,23,3,X
19,25,3,X
19,27,3,X
19,29,3,X
19,32,3,X
19,33,3,X
19,34,3,X
19,36,3,X
19,39,3,X
19,42,3,X
19,43,3,X
19,45,3,X
19,47,3,X
20,4,3,X
20,5,3,X
20,8,3,X
20,10,3,X
20,15,3,X
20,17,3,X
20,18,3,X
20,19,3,X
20,20,3,X
20,22,3,X
20,23,3,X
20,25,3,X
20,27,3,X
20,29,3,X
20,30,3,X
20,32,3,X
20,33,3,V
20,36,3,X
20,38,3,X
20,39,3,X
20,40,3,X
20,42,3,X
20,47,3,X
20,49,3,X
21,0,3,X
21,2,3,X
21,3,3,X
21,4,3,X
21,5,3,X
21,7,3,X
21,10,3,X
21,12,3,X
21,14,3,X
21,20,3,X
21,21,3,X
21,24,3,X
21,25,3,X
21,27,3,X
21,29,3,X
21,32,3,X
21,33,3,X
21,34,3,X
21,35,3,X
21,36,3,X
21,38,3,X
21,40,3,X
21,42,3,X
21,44,3,X
21,45,3,X
21,46,3,X
21,47,3,X
21,49,3,X
22,0,3,X
22,6,3,X
22,9,3,X
22,10,3,X
22,12,3,X
22,14,3,X
22,15,3,X
22,16,3,X
22,18,3,X
22,20,3,X
22,23,3,X
22,25,3,X
22,27,3,X
22,29,3,X
22,31,3,X
22,32,3,X
22,33,3,X
22,40,3,X
22,42,3,X
22,44,3,O
22,49,3,X
23,0,3,X
23,1,3,X
23,2,3,X
23,3,3,X
23,4,3,X
23,6,3,X
23,7,3,X
23,8,3,X
23,10,3,X
23,12,3,X
23,16,3,X
23,18,3,X
23,23,3,X
23,25,3,X
23,27,3,X
23,29,3,X
23,30,3,X
23,31,3,X
23,32,3,X
23,33,3,X
23,34,3,X
23,36,3,X
23,37,3,X
23,38,3,X
23,39,3,X
23,40,3,X
23,42,3,X
23,44,3,X
23,46,3,X
23,47,3,X
23,48,3,X
23,49,3,X
24,0,3,X
24,4,3,X
24,10,3,X
24,12,3,X
24,13,3,X
24,14,3,X
24,18,3,X
24,20,3,X
24,23,3,X
24,25,3,X
24,27,3,X
24,34,3,X
24,40,3,X
24,42,3,X
24,44,3,X
24,49,3,X
25,2,3,X
25,4,3,X
25,5,3,X
25,7,3,X
25,8,3,X
25,10,3,X
25,15,3,X
25,16,3,X
25,17,3,X
25,18,3,X
25,20,3,X
25,22,3,X
25,23,3,X
25,25,3,X
25,27,3,X
25,28,3,X
25,29,3,X
25,30,3,X
25,31,3,X
25,32,3,X
25,34,3,X
25,35,3,X
25,36,3,X
25,37,3,X
25,38,3,X
25,40,3,X
25,44,3,X
25,45,3,X
25,46,3,X
25,47,3,X
25,49,3,X
26,0,3,X
26,2,3,X
26,5,3,X
26,8,3,X
26,10,3,X
26,11,3,X
26,12,3,X
26,13,3,X
26,20,3,X
26,23,3,X
26,25,3,X
26,29,3,X
26,31,3,X
26,34,3,X
26,40,3,X
26,41,3,X
26,42,3,X
27,0,3,X
27,2,3,X
27,3,3,X
27,5,3,X
27,6,3,X
27,7,3,X
27,8,3,X
27,10,3,X
27,12,3,X
27,13,3,X
27,15,3,X
27,16,3,X
27,17,3,X
27,18,3,X
27,20,3,X
27,21,3,X
27,22,3,X
27,23,3,X
27,25,3,X
27,27,3,X
27,29,3,X
27,31,3,X
27,32,3,X
27,33,3,X
27,34,3,X
27,35,3,X
27,36,3,X
27,37,3,X
27,38,3,X
27,39,3,X
27,41,3,X
27,44,3,X
27,45,3,X
27,46,3,X
27,47,3,X
27,49,3,X
28,0,3,X
28,3,3,X
28,4,3,X
28,5,3,X
28,10,3,X
28,17,3,X
28,19,3,O
28,34,3,X
28,43,3,X
28,47,3,E
28,49,3,X
29,0,3,X
29,1,3,X
29,2,3,X
29,3,3,X
29,4,3,E
29,7,3,X
29,8,3,X
29,9,3,X
29,10,3,X
29,12,3,X
29,13,3,X
29,14,3,X
29,16,3,X
29,17,3,X
29,18,3,X
29,20,3,X
29,21,3,X
29,22,3,X
29,24,3,X
29,25,3,X
29,27,3,X
29,28,3,X
29,29,3,X
29,31,3,X
29,32,3,X
29,33,3,X
29,34,3,X
29,36,3,X
29,37,3,X
29,38,3,X
29,40,3,X
29,41,3,X
29,42,3,X
29,43,3,X
29,44,3,X
29,45,3,X
29,46,3,X
29,47,3,X
29,48,3,X
29,49,3,X
0,1,4,O
0,6,4,X
0,7,4,X
0,9,4,X
0,10,4,X
0,11,4,X
0,12,4,X
0,14,4,X
0,15,4,X
0,21,4,X
0,23,4,X
0,24,4,X
0,25,4,X
0,28,4,X
0,33,4,X
0,35,4,X
0,36,4,X
0,37,4,X
0,38,4,X
0,40,4,X
0,41,4,X
0,42,4,X
0,44,4,X
0,45,4,X
0,46,4,X
0,48,4,X
1,1,4,X
1,2,4,X
1,3,4,X
1,4,4,X
1,12,4,X
1,15,4,X
1,16,4,X
1,17,4,X
1,18,4,X
1,19,4,X
1,21,4,X
1,25,4,X
1,26,4,X
1,28,4,X
1,29,4,X
1,30,4,X
1,31,4,X
1,33,4,X
2,4,4,X
2,5,4,X
2,6,4,X
2,7,4,X
2,8,4,X
2,9,4,X
2,10,4,X
2,12,4,X
2,13,4,X
2,19,4,X
2,21,4,X
2,23,4,X
2,26,4,X
2,28,4,X
2,33,4,X
2,35,4,X
2,36,4,X
2,37,4,X
2,38,4,X
2,40,4,X
2,41,4,X
2,42,4,X
2,43,4,X
2,44,4,X
2,46,4,X
2,47,4,X
2,48,4,X
2,49,4,X
3,0,4,X
3,1,4,X
3,2,4,X
3,4,4,X
3,8,4,X
3,10,4,X
3,13,4,X
3,14,4,X
3,15,4,X
3,16,4,X
3,17,4,X
3,19,4,X
3,21,4,X
3,24,4,X
3,26,4,X
3,28,4,X
3,29,4,O
3,31,4,X
3,32,4,X
3,33,4,X
3,35,4,X
3,37,4,X
3,40,4,X
4,4,4,X
4,6,4,X
4,8,4,X
4,10,4,X
4,11,4,X
4,17,4,X
4,19,4,X
4,21,4,X
4,22,4,X
4,24,4,X
4,28,4,X
4,29,4,X
4,30,4,X
4,31,4,X
4,39,4,X
4,42,4,X
4,43,4,X
4,44,4,X
4,45,4,X
4,46,4,X
4,47,4,X
4,49,4,X
5,0,4,X
5,2,4,X
5,3,4,X
5,4,4,X
5,6,4,X
5,8,4,X
5,12,4,X
5,14,4,X
5,15,4,X
5,16,4,X
5,17,4,X
5,19,4,X
5,22,4,X
5,24,4,X
5,26,4,X
5,33,4,X
5,35,4,X
5,36,4,X
5,37,4,X
5,41,4,X
5,46,4,X
5,47,4,X
5,49,4,X
6,0,4,X
6,6,4,X
6,7,4,X
6,8,4,X
6,9,4,X
6,10,4,X
6,12,4,X
6,16,4,X
6,17,4,X
6,20,4,X
6,22,4,X
6,24,4,X
6,26,4,X
6,27,4,X
6,28,4,X
6,30,4,X
6,31,4,X
6,32,4,X
6,33,4,X
6,35,4,X
6,37,4,X
6,39,4,X
6,41,4,X
6,43,4,X
6,44,4,X
6,49,4,X
7,0,4,X
7,2,4,X
7,3,4,X
7,5,4,X
7,6,4,X
7,10,4,X
7,12,4,X
7,13,4,X
7,14,4,X
7,17,4,X
7,24,4,X
7,33,4,X
7,35,4,X
7,41,4,X
7,44,4,X
7,46,4,X
7,47,4,X
7,48,4,X
7,49,4,X
8,1,4,X
8,3,4,X
8,8,4,X
8,10,4,X
8,14,4,X
8,17,4,X
8,18,4,X
8,20,4,X
8,21,4,X
8,22,4,X
8,24,4,X
8,25,4,X
8,26,4,X
8,28,4,X
8,29,4,X
8,30,4,X
8,31,4,X
8,33,4,X
8,35,4,X
8,37,4,X
8,38,4,X
8,39,4,X
8,40,4,X
8,41,4,X
8,42,4,X
8,43,4,X
8,44,4,X
9,0,4,X
9,3,4,X
9,4,4,X
9,5,4,X
9,6,4,X
9,8,4,X
9,10,4,X
9,11,4,X
9,12,4,X
9,14,4,X
9,22,4,X
9,26,4,X
9,28,4,X
9,29,4,X
9,33,4,X
9,46,4,X
9,47,4,X
9,49,4,X
10,0,4,X
10,4,4,X
10,6,4,X
10,8,4,X
10,10,4,X
10,12,4,X
10,14,4,X
10,16,4,X
10,17,4,X
10,18,4,X
10,19,4,X
10,20,4,X
10,22,4,X
10,23,4,X
10,24,4,X
10,26,4,X
10,28,4,X
10,31,4,X
10,32,4,X
10,33,4,X
10,34,4,X
10,35,4,X
10,36,4,X
10,38,4,X
10,39,4,X
10,40,4,X
10,41,4,X
10,43,4,X
10,45,4,X
10,49,4,X
11,0,4,X
11,1,4,X
11,2,4,X
11,4,4,X
11,6,4,X
11,8,4,X
11,9,4,X
11,10,4,X
11,14,4,X
11,15,4,X
11,16,4,X
11,20,4,X
11,26,4,X
11,29,4,X
11,36,4,X
11,43,4,X
11,45,4,X
11,46,4,X
11,47,4,X
11,48,4,X
11,49,4,X
12,2,4,X
12,4,4,X
12,6,4,X
12,10,4,X
12,18,4,X
12,20,4,X
12,21,4,X
12,22,4,X
12,23,4,X
12,24,4,X
12,25,4,X
12,26,4,X
12,27,4,X
12,29,4,X
12,30,4,X
12,31,4,X
12,32,4,X
12,33,4,X
12,34,4,X
12,36,4,X
12,38,4,X
12,39,4,X
12,40,4,X
12,41,4,X
12,42,4,X
12,43,4,X
12,45,4,X
13,0,4,X
13,2,4,X
13,4,4,X
13,6,4,X
13,7,4,X
13,8,4,X
13,10,4,X
13,11,4,X
13,12,4,X
13,13,4,X
13,14,4,X
13,15,4,X
13,16,4,X
13,17,4,X
13,18,4,X
13,27,4,X
13,29,4,X
13,32,4,X
13,33,4,X
13,36,4,X
13,41,4,X
13,43,4,X
13,47,4,X
13,49,4,X
14,0,4,X
14,8,4,X
14,10,4,X
14,11,4,X
14,12,4,X
14,17,4,X
14,21,4,X
14,22,4,X
14,23,4,X
14,24,4,X
14,25,4,X
14,27,4,X
14,29,4,X
14,30,4,X
14,32,4,X
14,35,4,X
14,36,4,X
14,37,4,X
14,38,4,X
14,39,4,X
14,41,4,X
14,43,4,X
14,44,4,X
14,45,4,X
14,47,4,X
14,49,4,X
15,0,4,X
15,2,4,X
15,4,4,X
15,5,4,X
15,6,4,X
15,8,4,X
15,10,4,X
15,12,4,X
15,13,4,X
15,15,4,X
15,17,4,X
15,18,4,X
15,21,4,X
15,27,4,X
15,32,4,X
15,33,4,X
15,34,4,X
15,41,4,X
15,46,4,X
15,47,4,X
15,49,4,X
16,6,4,X
16,8,4,X
16,10,4,X
16,12,4,X
16,13,4,X
16,15,4,X
16,16,4,X
16,17,4,X
16,18,4,X
16,19,4,X
16,20,4,X
16,21,4,X
16,22,4,X
16,23,4,X
16,24,4,X
16,25,4,X
16,26,4,X
16,27,4,X
16,28,4,X
16,29,4,X
16,30,4,X
16,32,4,X
16,36,4,X
16,38,4,X
16,39,4,X
16,41,4,X
16,43,4,X
16,44,4,X
16,49,4,X
17,0,4,X
17,1,4,X
17,2,4,X
17,3,4,X
17,6,4,X
17,10,4,X
17,15,4,X
17,21,4,X
17,29,4,X
17,32,4,X
17,34,4,X
17,35,4,X
17,36,4,X
17,38,4,X
17,41,4,X
17,44,4,X
17,45,4,X
17,46,4,X
17,47,4,X
17,48,4,X
17,49,4,X
18,6,4,X
18,7,4,X
18,8,4,X
18,9,4,X
18,10,4,X
18,12,4,X
18,13,4,X
18,14,4,X
18,15,4,X
18,17,4,X
18,18,4,X
18,19,4,X
18,20,4,X
18,21,4,X
18,22,4,X
18,23,4,X
18,25,4,X
18,26,4,X
18,27,4,X
18,29,4,X
18,31,4,X
18,32,4,X
18,36,4,X
18,38,4,X
18,39,4,X
18,40,4,X
18,41,4,X
18,42,4,X
18,45,4,X
18,49,4,X
19,0,4,X
19,1,4,X
19,3,4,X
19,4,4,X
19,6,4,X
19,10,4,X
19,12,4,X
19,15,4,X
19,23,4,X
19,25,4,X
19,27,4,X
19,29,4,X
19,32,4,X
19,33,4,X
19,34,4,X
19,36,4,X
19,39,4,X
19,42,4,X
19,43,4,X
19,45,4,X
19,47,4,X
20,4,4,X
20,5,4,X
20,8,4,X
20,10,4,X
20,15,4,X
20,17,4,X
20,18,4,X
20,19,4,X
20,20,4,X
20,22,4,X
20,23,4,X
20,25,4,X
20,27,4,X
20,29,4,X
20,30,4,X
20,32,4,X
20,33,4,V
20,36,4,X
20,38,4,X
20,39,4,X
20,40,4,X
20,42,4,X
20,47,4,X
20,49,4,X
21,0,4,X
21,1,4,X
21,2,4,X
21,4,4,X
21,7,4,X
21,10,4,X
21,12,4,X
21,14,4,X
21,15,4,X
21,20,4,X
21,21,4,X
21,23,4,X
21,25,4,X
21,27,4,X
21,29,4,X
21,32,4,X
21,33,4,X
21,34,4,X
21,35,4,X
21,36,4,X
21,38,4,X
21,40,4,X
21,42,4,X
21,44,4,X
21,45,4,X
21,46,4,X
21,47,4,X
21,49,4,X
22,0,4,X
22,6,4,X
22,9,4,X
22,10,4,X
22,12,4,X
22,14,4,X
22,15,4,X
22,16,4,X
22,18,4,X
22,20,4,X
22,23,4,X
22,25,4,X
22,27,4,X
22,29,4,X
22,31,4,X
22,32,4,X
22,33,4,X
22,40,4,X
22,42,4,X
22,49,4,X
23,0,4,X
23,1,4,X
23,2,4,X
23,3,4,X
23,4,4,X
23,5,4,X
23,6,4,X
23,7,4,X
23,8,4,X
23,10,4,X
23,12,4,X
23,16,4,X
23,18,4,X
23,23,4,X
23,25,4,X
23,27,4,X
23,29,4,X
23,30,4,X
23,31,4,X
23,32,4,X
23,33,4,X
23,34,4,X
23,36,4,X
23,37,4,X
23,38,4,X
23,39,4,X
23,40,4,X
23,42,4,X
23,44,4,X
23,46,4,X
23,47,4,X
23,48,4,X
23,49,4,X
24,0,4,X
24,10,4,X
24,12,4,X
24,13,4,X
24,14,4,X
24,18,4,X
24,19,4,X
24,20,4,X
24,22,4,X
24,25,4,X
24,27,4,X
24,40,4,X
24,42,4,X
24,44,4,X
24,49,4,X
25,2,4,X
25,4,4,X
25,5,4,X
25,7,4,X
25,8,4,X
25,15,4,X
25,16,4,X
25,17,4,X
25,18,4,X
25,20,4,X
25,22,4,X
25,25,4,X
25,27,4,X
25,28,4,X
25,29,4,X
25,30,4,X
25,31,4,X
25,32,4,X
25,33,4,X
25,34,4,X
25,35,4,X
25,36,4,X
25,37,4,X
25,38,4,X
25,40,4,X
25,44,4,X
25,45,4,X
25,46,4,X
25,47,4,X
25,49,4,X
26,0,4,X
26,2,4,X
26,4,4,O
26,5,4,X
26,7,4,O
26,8,4,X
26,10,4,X
26,11,4,X
26,12,4,X
26,13,4,X
26,15,4,X
26,20,4,X
26,25,4,X
26,29,4,X
26,40,4,X
26,41,4,X
26,42,4,X
26,43,4,X
27,0,4,X
27,2,4,X
27,3,4,X
27,5,4,X
27,7,4,X
27,8,4,X
27,10,4,X
27,12,4,X
27,13,4,X
27,15,4,X
27,16,4,X
27,17,4,X
27,18,4,X
27,20,4,X
27,21,4,X
27,22,4,X
27,23,4,X
27,24,4,X
27,25,4,X
27,27,4,X
27,29,4,X
27,31,4,X
27,32,4,X
27,33,4,X
27,34,4,X
27,35,4,X
27,36,4,X
27,37,4,X
27,38,4,X
27,39,4,X
27,41,4,X
27,44,4,X
27,45,4,X
27,46,4,X
27,47,4,X
27,49,4,X
28,0,4,X
28,5,4,X
28,10,4,X
28,17,4,X
28,43,4,X
28,49,4,X
29,0,4,X
29,1,4,X
29,2,4,X
29,3,4,X
29,5,4,X
29,6,4,X
29,7,4,X
29,8,4,X
29,9,4,X
29,10,4,X
29,12,4,X
29,13,4,X
29,14,4,X
29,16,4,X
29,17,4,X
29,18,4,X
29,19,4,V
29,20,4,X
29,21,4,X
29,22,4,X
29,24,4,X
29,25,4,X
29,27,4,X
29,28,4,X
29,29,4,X
29,31,4,X
29,32,4,X
29,33,4,X
29,34,4,X
29,36,4,X
29,37,4,X
29,38,4,X
29,40,4,X
29,41,4,X
29,42,4,X
29,43,4,X
29,44,4,X
29,45,4,X
29,46,4,X
29,47,4,X
29,48,4,X
29,49,4,X
